1 2 0
3 2 1
3 6 2
1 6 3
1 2 4
3 2 5
3 6 6
1 6 7
1 2 8
3 2 9
3 6 10
1 6 11
1 2 12
3 2 13
3 6 14
1 6 15
1 2 16
3 2 17
3 6 18
1 6 19
1 2 20
3 2 21
3 6 22
1 6 23
1 2 24
3 2 25
3 6 26
1 6 27
1 2 28
3 2 29
3 6 30
1 6 31
1 2 32
3 2 33
3 6 34
1 6 35
1 2 36
3 2 37
3 6 38
1 6 39
1 2 40
3 2 41
3 6 42
1 6 43
1 2 44
3 2 45
3 6 46
1 6 47
1 2 48
3 2 49
3 6 50
1 6 51
1 2 52
3 2 53
3 6 54
1 6 55
1 2 56
3 2 57
3 6 58
1 6 59
1 2 60
3 2 61
3 6 62
1 6 63
1 2 64
3 2 65
3 6 66
1 6 67
1 2 68
3 2 69
3 6 70
1 6 71
1 2 72
3 2 73
3 6 74
1 6 75
1 2 76
3 2 77
3 6 78
1 6 79
1 2 80
3 2 81
3 6 82
1 6 83
1 2 84
3 2 85
3 6 86
1 6 87
1 2 88
3 2 89
3 6 90
1 6 91
1 2 92
3 2 93
3 6 94
1 6 95
1 2 96
3 2 97
3 6 98
4 2 97
4 6 98
1 5 96
3 5 97
3 3 98
4 5 97
4 3 98
4 4 98
4 6 95
4 2 96
1 2 97
1 6 98
3 2 97
5 2 97
5 6 98
4 5 96
1 5 97
1 3 98
1 4 98
1 6 98
3 5 97
5 5 97
5 6 95
5 2 96
0 2 97
5 5 96
4 2 93
4 6 94
1 6 95
3 6 95
3 2 96
1 2 97
4 2 97
5 2 97
3 5 96
1 5 97
4 5 97
5 5 97
5 6 95
1 5 92
3 5 93
3 3 94
4 5 93
4 3 94
1 3 95
1 1 96
3 3 95
5 3 95
5 1 96
0 1 97
5 4 96
0 4 97
5 5 96
4 6 91
4 2 92
1 2 93
1 6 94
3 6 95
4 6 95
3 2 93
5 2 93
5 6 94
0 6 95
4 5 92
1 5 93
1 3 94
3 3 95
4 3 95
4 1 96
1 1 97
3 1 97
3 3 98
5 1 97
5 3 98
5 4 98
4 4 96
3 5 93
5 5 93
5 6 91
5 2 92
0 2 93
5 5 92
4 2 89
4 6 90
1 6 91
3 6 91
3 2 92
1 2 93
4 2 93
5 2 93
5 6 94
0 6 95
3 5 92
1 5 93
4 5 93
5 5 93
5 6 91
4 6 87
4 2 88
1 2 89
1 6 90
3 6 91
4 6 91
3 2 89
5 2 89
5 6 90
0 6 91
4 5 88
1 5 89
1 3 90
3 3 91
4 3 91
4 1 92
1 1 93
3 1 93
3 3 94
5 1 93
5 3 94
0 3 95
5 4 94
0 4 95
4 4 92
3 5 89
3 3 90
5 5 89
5 6 87
5 2 88
0 2 89
5 5 88
4 2 85
4 6 86
1 6 87
3 6 87
3 2 88
1 2 89
4 2 89
5 2 89
5 6 90
0 6 91
3 5 88
1 5 89
4 5 89
4 3 90
1 3 91
1 1 92
3 3 91
5 3 91
5 1 92
0 1 93
5 4 92
0 4 93
5 5 92
5 5 89
5 6 87
4 6 83
4 2 84
1 2 85
1 6 86
3 6 87
4 6 87
3 2 85
5 2 85
5 6 86
0 6 87
4 5 84
1 5 85
1 3 86
3 3 87
4 3 87
4 1 88
1 1 89
3 1 89
3 3 90
5 1 89
5 3 90
0 3 91
5 4 90
0 4 91
4 4 88
3 5 85
3 3 86
5 5 85
5 6 83
5 2 84
0 2 85
5 5 84
4 2 81
4 6 82
1 6 83
3 6 83
3 2 84
1 2 85
4 2 85
5 2 85
5 6 86
0 6 87
3 5 84
1 5 85
4 5 85
4 3 86
1 3 87
1 1 88
3 3 87
5 3 87
5 1 88
0 1 89
5 4 88
0 4 89
5 5 88
5 5 85
5 6 83
4 6 79
4 2 80
1 2 81
1 6 82
3 6 83
4 6 83
3 2 81
5 2 81
5 6 82
0 6 83
4 5 80
1 5 81
1 3 82
3 3 83
4 3 83
4 1 84
1 1 85
3 1 85
3 3 86
5 1 85
5 3 86
0 3 87
5 4 86
0 4 87
4 4 84
3 5 81
3 3 82
5 5 81
5 6 79
5 2 80
0 2 81
5 5 80
4 2 77
4 6 78
1 6 79
3 6 79
3 2 80
1 2 81
4 2 81
5 2 81
5 6 82
0 6 83
3 5 80
1 5 81
4 5 81
4 3 82
1 3 83
1 1 84
3 3 83
5 3 83
5 1 84
0 1 85
5 4 84
0 4 85
5 5 84
5 5 81
5 6 79
4 6 75
4 2 76
1 2 77
1 6 78
3 6 79
4 6 79
3 2 77
5 2 77
5 6 78
0 6 79
4 5 76
1 5 77
1 3 78
3 3 79
4 3 79
4 1 80
1 1 81
3 1 81
3 3 82
5 1 81
5 3 82
0 3 83
5 4 82
0 4 83
4 4 80
3 5 77
3 3 78
5 5 77
5 6 75
5 2 76
0 2 77
5 5 76
4 2 73
4 6 74
1 6 75
3 6 75
3 2 76
1 2 77
4 2 77
5 2 77
5 6 78
0 6 79
3 5 76
1 5 77
4 5 77
4 3 78
1 3 79
1 1 80
3 3 79
5 3 79
5 1 80
0 1 81
5 4 80
0 4 81
5 5 80
5 5 77
5 6 75
4 6 71
4 2 72
1 2 73
1 6 74
3 6 75
4 6 75
3 2 73
5 2 73
5 6 74
0 6 75
4 5 72
1 5 73
1 3 74
3 3 75
4 3 75
4 1 76
1 1 77
3 1 77
3 3 78
5 1 77
5 3 78
0 3 79
5 4 78
0 4 79
4 4 76
3 5 73
3 3 74
5 5 73
5 6 71
5 2 72
0 2 73
5 5 72
4 2 69
4 6 70
1 6 71
3 6 71
3 2 72
1 2 73
4 2 73
5 2 73
5 6 74
0 6 75
3 5 72
1 5 73
4 5 73
4 3 74
1 3 75
1 1 76
3 3 75
5 3 75
5 1 76
0 1 77
5 4 76
0 4 77
5 5 76
5 5 73
5 6 71
4 6 67
4 2 68
1 2 69
1 6 70
3 6 71
4 6 71
3 2 69
5 2 69
5 6 70
0 6 71
4 5 68
1 5 69
1 3 70
3 3 71
4 3 71
4 1 72
1 1 73
3 1 73
3 3 74
5 1 73
5 3 74
0 3 75
5 4 74
0 4 75
4 4 72
3 5 69
3 3 70
5 5 69
5 6 67
5 2 68
0 2 69
5 5 68
4 2 65
4 6 66
1 6 67
3 6 67
3 2 68
1 2 69
4 2 69
5 2 69
5 6 70
0 6 71
3 5 68
1 5 69
4 5 69
4 3 70
1 3 71
1 1 72
3 3 71
5 3 71
5 1 72
0 1 73
5 4 72
0 4 73
5 5 72
5 5 69
5 6 67
4 6 63
4 2 64
1 2 65
1 6 66
3 6 67
4 6 67
3 2 65
5 2 65
5 6 66
0 6 67
4 5 64
1 5 65
1 3 66
3 3 67
4 3 67
4 1 68
1 1 69
3 1 69
3 3 70
5 1 69
5 3 70
0 3 71
5 4 70
0 4 71
4 4 68
3 5 65
3 3 66
5 5 65
5 6 63
5 2 64
0 2 65
5 5 64
4 2 61
4 6 62
1 6 63
3 6 63
3 2 64
1 2 65
4 2 65
5 2 65
5 6 66
0 6 67
3 5 64
1 5 65
4 5 65
4 3 66
1 3 67
1 1 68
3 3 67
5 3 67
5 1 68
0 1 69
5 4 68
0 4 69
5 5 68
5 5 65
5 6 63
4 6 59
4 2 60
1 2 61
1 6 62
3 6 63
4 6 63
3 2 61
5 2 61
5 6 62
0 6 63
4 5 60
1 5 61
1 3 62
3 3 63
4 3 63
4 1 64
1 1 65
3 1 65
3 3 66
5 1 65
5 3 66
0 3 67
5 4 66
0 4 67
4 4 64
3 5 61
3 3 62
5 5 61
5 6 59
5 2 60
0 2 61
5 5 60
4 2 57
4 6 58
1 6 59
3 6 59
3 2 60
1 2 61
4 2 61
5 2 61
5 6 62
0 6 63
3 5 60
1 5 61
4 5 61
4 3 62
1 3 63
1 1 64
3 3 63
5 3 63
5 1 64
0 1 65
5 4 64
0 4 65
5 5 64
5 5 61
5 6 59
4 6 55
4 2 56
1 2 57
1 6 58
3 6 59
4 6 59
3 2 57
5 2 57
5 6 58
0 6 59
4 5 56
1 5 57
1 3 58
3 3 59
4 3 59
4 1 60
1 1 61
3 1 61
3 3 62
5 1 61
5 3 62
0 3 63
5 4 62
0 4 63
4 4 60
3 5 57
3 3 58
5 5 57
5 6 55
5 2 56
0 2 57
5 5 56
4 2 53
4 6 54
1 6 55
3 6 55
3 2 56
1 2 57
4 2 57
5 2 57
5 6 58
0 6 59
3 5 56
1 5 57
4 5 57
4 3 58
1 3 59
1 1 60
3 3 59
5 3 59
5 1 60
0 1 61
5 4 60
0 4 61
5 5 60
5 5 57
5 6 55
4 6 51
4 2 52
1 2 53
1 6 54
3 6 55
4 6 55
3 2 53
5 2 53
5 6 54
0 6 55
4 5 52
1 5 53
1 3 54
3 3 55
4 3 55
4 1 56
1 1 57
3 1 57
3 3 58
5 1 57
5 3 58
0 3 59
5 4 58
0 4 59
4 4 56
3 5 53
3 3 54
5 5 53
5 6 51
5 2 52
0 2 53
5 5 52
4 2 49
4 6 50
1 6 51
3 6 51
3 2 52
1 2 53
4 2 53
5 2 53
5 6 54
0 6 55
3 5 52
1 5 53
4 5 53
4 3 54
1 3 55
1 1 56
3 3 55
5 3 55
5 1 56
0 1 57
5 4 56
0 4 57
5 5 56
5 5 53
5 6 51
4 6 47
4 2 48
1 2 49
1 6 50
3 6 51
4 6 51
3 2 49
5 2 49
5 6 50
0 6 51
4 5 48
1 5 49
1 3 50
3 3 51
4 3 51
4 1 52
1 1 53
3 1 53
3 3 54
5 1 53
5 3 54
0 3 55
5 4 54
0 4 55
4 4 52
3 5 49
3 3 50
5 5 49
5 6 47
5 2 48
0 2 49
5 5 48
4 2 45
4 6 46
1 6 47
3 6 47
3 2 48
1 2 49
4 2 49
5 2 49
5 6 50
0 6 51
3 5 48
1 5 49
4 5 49
4 3 50
1 3 51
1 1 52
3 3 51
5 3 51
5 1 52
0 1 53
5 4 52
0 4 53
5 5 52
5 5 49
5 6 47
4 6 43
4 2 44
1 2 45
1 6 46
3 6 47
4 6 47
3 2 45
5 2 45
5 6 46
0 6 47
4 5 44
1 5 45
1 3 46
3 3 47
4 3 47
4 1 48
1 1 49
3 1 49
3 3 50
5 1 49
5 3 50
0 3 51
5 4 50
0 4 51
4 4 48
3 5 45
3 3 46
5 5 45
5 6 43
5 2 44
0 2 45
5 5 44
4 2 41
4 6 42
1 6 43
3 6 43
3 2 44
1 2 45
4 2 45
5 2 45
5 6 46
0 6 47
3 5 44
1 5 45
4 5 45
4 3 46
1 3 47
1 1 48
3 3 47
5 3 47
5 1 48
0 1 49
5 4 48
0 4 49
5 5 48
5 5 45
5 6 43
4 6 39
4 2 40
1 2 41
1 6 42
3 6 43
4 6 43
3 2 41
5 2 41
5 6 42
0 6 43
4 5 40
1 5 41
1 3 42
3 3 43
4 3 43
4 1 44
1 1 45
3 1 45
3 3 46
5 1 45
5 3 46
0 3 47
5 4 46
0 4 47
4 4 44
3 5 41
3 3 42
5 5 41
5 6 39
5 2 40
0 2 41
5 5 40
4 2 37
4 6 38
1 6 39
3 6 39
3 2 40
1 2 41
4 2 41
5 2 41
5 6 42
0 6 43
3 5 40
1 5 41
4 5 41
4 3 42
1 3 43
1 1 44
3 3 43
5 3 43
5 1 44
0 1 45
5 4 44
0 4 45
5 5 44
5 5 41
5 6 39
4 6 35
4 2 36
1 2 37
1 6 38
3 6 39
4 6 39
3 2 37
5 2 37
5 6 38
0 6 39
4 5 36
1 5 37
1 3 38
3 3 39
4 3 39
4 1 40
1 1 41
3 1 41
3 3 42
5 1 41
5 3 42
0 3 43
5 4 42
0 4 43
4 4 40
3 5 37
3 3 38
5 5 37
5 6 35
5 2 36
0 2 37
5 5 36
4 2 33
4 6 34
1 6 35
3 6 35
3 2 36
1 2 37
4 2 37
5 2 37
5 6 38
0 6 39
3 5 36
1 5 37
4 5 37
4 3 38
1 3 39
1 1 40
3 3 39
5 3 39
5 1 40
0 1 41
5 4 40
0 4 41
5 5 40
5 5 37
5 6 35
4 6 31
4 2 32
1 2 33
1 6 34
3 6 35
4 6 35
3 2 33
5 2 33
5 6 34
0 6 35
4 5 32
1 5 33
1 3 34
3 3 35
4 3 35
4 1 36
1 1 37
3 1 37
3 3 38
5 1 37
5 3 38
0 3 39
5 4 38
0 4 39
4 4 36
3 5 33
3 3 34
5 5 33
5 6 31
5 2 32
0 2 33
5 5 32
4 2 29
4 6 30
1 6 31
3 6 31
3 2 32
1 2 33
4 2 33
5 2 33
5 6 34
0 6 35
3 5 32
1 5 33
4 5 33
4 3 34
1 3 35
1 1 36
3 3 35
5 3 35
5 1 36
0 1 37
5 4 36
0 4 37
5 5 36
5 5 33
5 6 31
4 6 27
4 2 28
1 2 29
1 6 30
3 6 31
4 6 31
3 2 29
5 2 29
5 6 30
0 6 31
4 5 28
1 5 29
1 3 30
3 3 31
4 3 31
4 1 32
1 1 33
3 1 33
3 3 34
5 1 33
5 3 34
0 3 35
5 4 34
0 4 35
4 4 32
3 5 29
3 3 30
5 5 29
5 6 27
5 2 28
0 2 29
5 5 28
4 2 25
4 6 26
1 6 27
3 6 27
3 2 28
1 2 29
4 2 29
5 2 29
5 6 30
0 6 31
3 5 28
1 5 29
4 5 29
4 3 30
1 3 31
1 1 32
3 3 31
5 3 31
5 1 32
0 1 33
5 4 32
0 4 33
5 5 32
5 5 29
5 6 27
4 6 23
4 2 24
1 2 25
1 6 26
3 6 27
4 6 27
3 2 25
5 2 25
5 6 26
0 6 27
4 5 24
1 5 25
1 3 26
3 3 27
4 3 27
4 1 28
1 1 29
3 1 29
3 3 30
5 1 29
5 3 30
0 3 31
5 4 30
0 4 31
4 4 28
3 5 25
3 3 26
5 5 25
5 6 23
5 2 24
0 2 25
5 5 24
4 2 21
4 6 22
1 6 23
3 6 23
3 2 24
1 2 25
4 2 25
5 2 25
5 6 26
0 6 27
3 5 24
1 5 25
4 5 25
4 3 26
1 3 27
1 1 28
3 3 27
5 3 27
5 1 28
0 1 29
5 4 28
0 4 29
5 5 28
5 5 25
5 6 23
4 6 19
4 2 20
1 2 21
1 6 22
3 6 23
4 6 23
3 2 21
5 2 21
5 6 22
0 6 23
4 5 20
1 5 21
1 3 22
3 3 23
4 3 23
4 1 24
1 1 25
3 1 25
3 3 26
5 1 25
5 3 26
0 3 27
5 4 26
0 4 27
4 4 24
3 5 21
3 3 22
5 5 21
5 6 19
5 2 20
0 2 21
5 5 20
4 2 17
4 6 18
1 6 19
3 6 19
3 2 20
1 2 21
4 2 21
5 2 21
5 6 22
0 6 23
3 5 20
1 5 21
4 5 21
4 3 22
1 3 23
1 1 24
3 3 23
5 3 23
5 1 24
0 1 25
5 4 24
0 4 25
5 5 24
5 5 21
5 6 19
4 6 15
4 2 16
1 2 17
1 6 18
3 6 19
4 6 19
3 2 17
5 2 17
5 6 18
0 6 19
4 5 16
1 5 17
1 3 18
3 3 19
4 3 19
4 1 20
1 1 21
3 1 21
3 3 22
5 1 21
5 3 22
0 3 23
5 4 22
0 4 23
4 4 20
3 5 17
3 3 18
5 5 17
5 6 15
5 2 16
0 2 17
5 5 16
4 2 13
4 6 14
1 6 15
3 6 15
3 2 16
1 2 17
4 2 17
5 2 17
5 6 18
0 6 19
3 5 16
1 5 17
4 5 17
4 3 18
1 3 19
1 1 20
3 3 19
5 3 19
5 1 20
0 1 21
5 4 20
0 4 21
5 5 20
5 5 17
5 6 15
4 6 11
4 2 12
1 2 13
1 6 14
3 6 15
4 6 15
3 2 13
5 2 13
5 6 14
0 6 15
4 5 12
1 5 13
1 3 14
3 3 15
4 3 15
4 1 16
1 1 17
3 1 17
3 3 18
5 1 17
5 3 18
0 3 19
5 4 18
0 4 19
4 4 16
3 5 13
3 3 14
5 5 13
5 6 11
5 2 12
0 2 13
5 5 12
4 2 9
4 6 10
1 6 11
3 6 11
3 2 12
1 2 13
4 2 13
5 2 13
5 6 14
0 6 15
3 5 12
1 5 13
4 5 13
4 3 14
1 3 15
1 1 16
3 3 15
5 3 15
5 1 16
0 1 17
5 4 16
0 4 17
5 5 16
5 5 13
5 6 11
4 6 7
4 2 8
1 2 9
1 6 10
3 6 11
4 6 11
3 2 9
5 2 9
5 6 10
0 6 11
4 5 8
1 5 9
1 3 10
3 3 11
4 3 11
4 1 12
1 1 13
3 1 13
3 3 14
5 1 13
5 3 14
0 3 15
5 4 14
0 4 15
4 4 12
3 5 9
3 3 10
5 5 9
5 6 7
5 2 8
0 2 9
5 5 8
4 2 5
4 6 6
1 6 7
3 6 7
3 2 8
1 2 9
4 2 9
5 2 9
5 6 10
0 6 11
3 5 8
1 5 9
4 5 9
4 3 10
1 3 11
1 1 12
3 3 11
5 3 11
5 1 12
0 1 13
5 4 12
0 4 13
5 5 12
5 5 9
5 6 7
4 6 3
4 2 4
1 2 5
1 6 6
3 6 7
4 6 7
3 2 5
5 2 5
5 6 6
0 6 7
4 5 4
1 5 5
1 3 6
3 3 7
4 3 7
4 1 8
1 1 9
3 1 9
3 3 10
5 1 9
5 3 10
0 3 11
5 4 10
0 4 11
4 4 8
3 5 5
3 3 6
5 5 5
5 6 3
5 2 4
0 2 5
5 5 4
4 2 1
4 6 2
1 6 3
3 6 3
3 2 4
1 2 5
4 2 5
5 2 5
5 6 6
0 6 7
3 5 4
1 5 5
4 5 5
4 3 6
1 3 7
1 1 8
3 3 7
5 3 7
5 1 8
0 1 9
5 4 8
0 4 9
5 5 8
5 5 5
5 6 3
